image: lab_corridor.pgm
resolution: 0.050000
origin: [-28.718687, -70.975502, 0.000000]
negate: 0
occupied_thresh: 0.65
free_thresh: 0.196

